%YAML:1.0
CameraExtrinsicMat: !!opencv-matrix
   rows: 4
   cols: 4
   dt: d
   data: [ 1.2803375545881623e-02, 4.2993610587510334e-02,
       9.9899330479402160e-01, 9.0325048938327157e-01,
       -9.9926005764163217e-01, 3.6788167317992837e-02,
       1.1223544334362734e-02, 1.8657137938160744e-02,
       -3.6268592151793844e-02, -9.9839780658514732e-01,
       4.3432810515714459e-02, -9.5013764356919472e-01, 0., 0., 0., 1. ]
CameraMat: !!opencv-matrix
   rows: 3
   cols: 3
   dt: d
   data: [ 1.3295918364724644e+03, 0., 4.0966689605363854e+02, 0.,
       1.3525801277021133e+03, 1.9802837179055490e+02, 0., 0., 1. ]
DistCoeff: !!opencv-matrix
   rows: 1
   cols: 5
   dt: d
   data: [ -1.9083160016015355e-01, 1.2832697510692499e+00,
       -1.3730580408697759e-02, 1.1414507787370035e-02,
       0 ]
ImageSize: [ 800, 600 ]
ReprojectionError: 3.9271711128416248e-01
