%YAML:1.0
CameraExtrinsicMat: !!opencv-matrix
   rows: 4
   cols: 4
   dt: d
   data: [ -0.0047123, -0.9999733, 0.00558502, 1.671,
           0.01358668, -0.0056486, -0.99989174, -0.026,
           0.99989659, -0.00463591, 0.01361294, 1.536, 0.0, 0.0, 0.0, 1.0 ]
CameraMat: !!opencv-matrix
   rows: 3
   cols: 3
   dt: d
   data: [1262.8093578767177, 0.0, 786.6784634591471,
          0.0, 1262.8093578767177, 437.9890946201144,
          0.0, 0.0, 1.0]
DistCoeff: !!opencv-matrix
   rows: 1
   cols: 5
   dt: d
   data: [ -0.112891,0.148388,-0.000159,-0.00044,0.01091 ]
ImageSize: [ 1600, 900 ]
ReprojectionError: 3.9271711128416248e-01
